 Problem 14.a

 bookno |  title   
--------+----------
   2003 | Networks
(1 row)


 Problem 14.b

 bookno |        title        
--------+---------------------
   2004 | AI
   2005 | DiscreteMathematics
   3000 | MachineLearning
(3 rows)


 Problem 14.c

 sid  
------
 1004
 1006
 1007
 1014
(4 rows)

 Problem 14.d

 bookno 
--------
   2001
   2002
   2003
   2007
   2008
   2009
   2011
   2012
   2013
(9 rows)


 Problem 14.e

 bookno 
--------
   2001
   2002
   2003
   2007
   2008
   2009
   2011
   2012
   2013
(9 rows)


 Problem 14.f

 sid  | bookno 
------+--------
 1001 |   2001
 1001 |   2002
 1001 |   2003
 1001 |   2004
 1001 |   2005
 1001 |   2006
 1001 |   2007
 1001 |   2008
 1001 |   2009
 1001 |   2010
 1001 |   2011
 1001 |   2012
 1001 |   2013
 1001 |   3000
 1002 |   2001
 1002 |   2002
 1002 |   2003
 1002 |   2004
 1002 |   2005
 1002 |   2006
 1002 |   2007
 1002 |   2008
 1002 |   2009
 1002 |   2010
 1002 |   2011
 1002 |   2012
 1002 |   2013
 1002 |   3000
 1003 |   2001
 1003 |   2002
 1003 |   2003
 1003 |   2004
 1003 |   2005
 1003 |   2006
 1003 |   2007
 1003 |   2008
 1003 |   2009
 1003 |   2010
 1003 |   2011
 1003 |   2012
 1003 |   2013
 1003 |   3000
 1004 |   2001
 1004 |   2002
 1004 |   2003
 1004 |   2004
 1004 |   2005
 1004 |   2006
 1004 |   2007
 1004 |   2008
 1004 |   2009
 1004 |   2010
 1004 |   2011
 1004 |   2012
 1004 |   2013
 1004 |   3000
 1005 |   2001
 1005 |   2002
 1005 |   2003
 1005 |   2004
 1005 |   2005
 1005 |   2006
 1005 |   2007
 1005 |   2008
 1005 |   2009
 1005 |   2010
 1005 |   2011
 1005 |   2012
 1005 |   2013
 1005 |   3000
 1006 |   2001
 1006 |   2002
 1006 |   2003
 1006 |   2004
 1006 |   2005
 1006 |   2006
 1006 |   2007
 1006 |   2008
 1006 |   2009
 1006 |   2010
 1006 |   2011
 1006 |   2012
 1006 |   2013
 1006 |   3000
 1007 |   2001
 1007 |   2002
 1007 |   2003
 1007 |   2004
 1007 |   2005
 1007 |   2006
 1007 |   2007
 1007 |   2008
 1007 |   2009
 1007 |   2010
 1007 |   2011
 1007 |   2012
 1007 |   2013
 1007 |   3000
 1008 |   2001
 1008 |   2002
 1008 |   2003
 1008 |   2004
 1008 |   2005
 1008 |   2006
 1008 |   2007
 1008 |   2008
 1008 |   2009
 1008 |   2010
 1008 |   2011
 1008 |   2012
 1008 |   2013
 1008 |   3000
 1009 |   2001
 1009 |   2002
 1009 |   2003
 1009 |   2004
 1009 |   2005
 1009 |   2006
 1009 |   2007
 1009 |   2008
 1009 |   2009
 1009 |   2010
 1009 |   2011
 1009 |   2012
 1009 |   2013
 1009 |   3000
 1010 |   2001
 1010 |   2002
 1010 |   2003
 1010 |   2004
 1010 |   2005
 1010 |   2006
 1010 |   2007
 1010 |   2008
 1010 |   2009
 1010 |   2010
 1010 |   2011
 1010 |   2012
 1010 |   2013
 1010 |   3000
 1011 |   2001
 1011 |   2002
 1011 |   2003
 1011 |   2004
 1011 |   2005
 1011 |   2006
 1011 |   2007
 1011 |   2008
 1011 |   2009
 1011 |   2010
 1011 |   2011
 1011 |   2012
 1011 |   2013
 1011 |   3000
 1012 |   2001
 1012 |   2002
 1012 |   2003
 1012 |   2004
 1012 |   2005
 1012 |   2006
 1012 |   2007
 1012 |   2008
 1012 |   2009
 1012 |   2010
 1012 |   2011
 1012 |   2012
 1012 |   2013
 1012 |   3000
 1013 |   2001
 1013 |   2002
 1013 |   2003
 1013 |   2004
 1013 |   2005
 1013 |   2006
 1013 |   2007
 1013 |   2008
 1013 |   2009
 1013 |   2010
 1013 |   2011
 1013 |   2012
 1013 |   2013
 1013 |   3000
 1014 |   2001
 1014 |   2002
 1014 |   2003
 1014 |   2004
 1014 |   2005
 1014 |   2006
 1014 |   2007
 1014 |   2008
 1014 |   2009
 1014 |   2010
 1014 |   2011
 1014 |   2012
 1014 |   2013
 1014 |   3000
 1017 |   2001
 1017 |   2002
 1017 |   2003
 1017 |   2004
 1017 |   2005
 1017 |   2006
 1017 |   2007
 1017 |   2008
 1017 |   2009
 1017 |   2010
 1017 |   2011
 1017 |   2012
 1017 |   2013
 1017 |   3000
 1020 |   2002
 1020 |   2003
 1020 |   2004
 1020 |   2006
 1020 |   2007
 1020 |   2008
 1020 |   2009
 1020 |   2010
 1020 |   2011
 1020 |   2012
 1020 |   2013
 1020 |   3000
(222 rows)



 Problem 14.g

 bookno | bookno 
--------+--------
   2004 |   2005
   2004 |   3000
   2005 |   2004
   2005 |   3000
   3000 |   2004
   3000 |   2005
(6 rows)



 Problem 14.h

 bookno | bookno 
--------+--------
   2001 |   2001
   2002 |   2002
   2002 |   2007
   2003 |   2003
   2004 |   2004
   2004 |   2005
   2004 |   3000
   2005 |   2004
   2005 |   2005
   2005 |   3000
   2006 |   2006
   2006 |   2009
   2007 |   2002
   2007 |   2007
   2008 |   2008
   2009 |   2006
   2009 |   2009
   2010 |   2010
   2011 |   2011
   2012 |   2012
   2013 |   2013
   3000 |   2004
   3000 |   2005
   3000 |   3000
(24 rows)


 Problem 14.i

 sid  
------
 1007
(1 row)


 Problem 14.j

 sid  
------
 1011
 1012
 1013
 1014
 1015
 1016
 1020
(7 rows)

